Barisan Aritmatika
-30   -25   -20   -15   -10   -5   0   5   10   15   20   25   30   35   40   45   50   55   60   70


Barisan Geometri
1   2   4  8   16   32   64   128   256   512   1024   2048   4096   8192   16384   32768   65536   131072   262144   524288   1048576


Barisan Fibonacci
0   1   1   2  3  5   8   13   21   34   55   89   144   233  377   610   987   1597   2584   4181   6765


Barisan Pangkat
1   4   9   16   25   36   49   64   81   100   121   144   169   196   225   256   289   324    361   400
